  3.643606e+15  2.816400e+36   1.340000e+39 
  3.543555e+15  2.685000e+36   1.320000e+39 
  3.445680e+15  2.558200e+36   1.300000e+39 
  3.349946e+15  2.434900e+36   1.280000e+39 
  3.256331e+15  2.314400e+36   1.260000e+39 
  3.164785e+15  2.200500e+36   1.240000e+39 
  3.075270e+15  2.088100e+36   1.220000e+39 
  2.987761e+15  1.980500e+36   1.200000e+39 
  2.902220e+15  1.875900e+36   1.180000e+39 
  2.818604e+15  1.776200e+36   1.160000e+39 
  2.736886e+15  1.678100e+36   1.140000e+39 
  2.657021e+15  1.586300e+36   1.120000e+39 
  2.578968e+15  1.495700e+36   1.100000e+39 
  2.502705e+15  1.409300e+36   1.080000e+39 
  2.428188e+15  1.326200e+36   1.060000e+39 
  2.355381e+15  1.246400e+36   1.040000e+39 
  2.284247e+15  1.169700e+36   1.020000e+39 
  2.214749e+15  1.096500e+36   1.000000e+39 
  2.146847e+15  1.026200e+36   9.800000e+38 
  2.080507e+15  9.588800e+35   9.600000e+38 
  2.015693e+15  8.946000e+35   9.400000e+38 
  1.952364e+15  8.333400e+35   9.200000e+38 
  1.890482e+15  7.749200e+35   9.000000e+38 
  1.830011e+15  7.192000e+35   8.800000e+38 
  1.770912e+15  6.663300e+35   8.600000e+38 
  1.713147e+15  6.161500e+35   8.400000e+38 
  1.656677e+15  5.684900e+35   8.200000e+38 
  1.601466e+15  5.233700e+35   8.000000e+38 
  1.547477e+15  4.806300e+35   7.800000e+38 
  1.494670e+15  4.404100e+35   7.600000e+38 
  1.443006e+15  4.025800e+35   7.400000e+38 
  1.392446e+15  3.669600e+35   7.200000e+38 
  1.342952e+15  3.335700e+35   7.000000e+38 
  1.294487e+15  3.022100e+35   6.800000e+38 
  1.247011e+15  2.730900e+35   6.600000e+38 
  1.200484e+15  2.458500e+35   6.400000e+38 
  1.154872e+15  2.205200e+35   6.200000e+38 
  1.110133e+15  1.971000e+35   6.000000e+38 
  1.066231e+15  1.754100e+35   5.800000e+38 
  1.023126e+15  1.554900e+35   5.600000e+38 
  9.807808e+14  1.371900e+35   5.400000e+38 
  9.598808e+14  1.286300e+35   5.300000e+38 
  9.391565e+14  1.204600e+35   5.200000e+38 
  9.186030e+14  1.126500e+35   5.100000e+38 
  8.982159e+14  1.052100e+35   5.000000e+38 
  8.779902e+14  9.813500e+34   4.900000e+38 
  8.579214e+14  9.139300e+34   4.800000e+38 
  8.380048e+14  8.499700e+34   4.700000e+38 
  8.182359e+14  7.891700e+34   4.600000e+38 
  7.986100e+14  7.317000e+34   4.500000e+38 
  7.791223e+14  6.772500e+34   4.400000e+38 
  7.597684e+14  6.259600e+34   4.300000e+38 
  7.405434e+14  5.775200e+34   4.200000e+38 
  7.214431e+14  5.317600e+34   4.100000e+38 
  7.024632e+14  4.888500e+34   4.000000e+38 
  6.835987e+14  4.486500e+34   3.900000e+38 
  6.648453e+14  4.109700e+34   3.800000e+38 
  6.461988e+14  3.756600e+34   3.700000e+38 
  6.276548e+14  3.427400e+34   3.600000e+38 
  6.092088e+14  3.121900e+34   3.500000e+38 
  5.908566e+14  2.836900e+34   3.400000e+38 
  5.725940e+14  2.574100e+34   3.300000e+38 
  5.544168e+14  2.330300e+34   3.200000e+38 
  5.363212e+14  2.104000e+34   3.100000e+38 
  5.183034e+14  1.896500e+34   3.000000e+38 
  5.003596e+14  1.705000e+34   2.900000e+38 
  4.824860e+14  1.530100e+34   2.800000e+38 
  4.646791e+14  1.369500e+34   2.700000e+38 
  4.469354e+14  1.222500e+34   2.600000e+38 
  4.292519e+14  1.088200e+34   2.500000e+38 
  4.204319e+14  1.024500e+34   2.450000e+38 
  4.116260e+14  9.635500e+33   2.400000e+38 
  4.028340e+14  9.052000e+33   2.350000e+38 
  3.940555e+14  8.494500e+33   2.300000e+38 
  3.852901e+14  7.962100e+33   2.250000e+38 
  3.765376e+14  7.454400e+33   2.200000e+38 
  3.677976e+14  6.970500e+33   2.150000e+38 
  3.590699e+14  6.510100e+33   2.100000e+38 
  3.503540e+14  6.072100e+33   2.050000e+38 
  3.416498e+14  5.656300e+33   2.000000e+38 
  3.329568e+14  5.261800e+33   1.950000e+38 
  3.242747e+14  4.888200e+33   1.900000e+38 
  3.156033e+14  4.534600e+33   1.850000e+38 
  3.069422e+14  4.200500e+33   1.800000e+38 
  2.982912e+14  3.885300e+33   1.750000e+38 
  2.896499e+14  3.588400e+33   1.700000e+38 
  2.810180e+14  3.309000e+33   1.650000e+38 
  2.723952e+14  3.046800e+33   1.600000e+38 
  2.637813e+14  2.800800e+33   1.550000e+38 
  2.551759e+14  2.570400e+33   1.500000e+38 
  2.465788e+14  2.355200e+33   1.450000e+38 
  2.379896e+14  2.154400e+33   1.400000e+38 
  2.294082e+14  1.967400e+33   1.350000e+38 
  2.208342e+14  1.793700e+33   1.300000e+38 
  2.122673e+14  1.632500e+33   1.250000e+38 
  2.037074e+14  1.483200e+33   1.200000e+38 
  1.951541e+14  1.345200e+33   1.150000e+38 
  1.866072e+14  1.217800e+33   1.100000e+38 
  1.780665e+14  1.100500e+33   1.050000e+38 
  1.695318e+14  9.925300e+32   1.000000e+38 
  1.610028e+14  8.933100e+32   9.500000e+37 
  1.524794e+14  8.022500e+32   9.000000e+37 
  1.439614e+14  7.186700e+32   8.500000e+37 
  1.285754e+14  5.371100e+32   7.595900e+37 
  1.238400e+14  5.046200e+32   7.317400e+37 
  1.051941e+14  3.847500e+32   6.220000e+37 
  7.208789e+13  2.162000e+32   4.268400e+37 
  4.972562e+13  1.294700e+32   2.947700e+37 
  3.720583e+13  8.811700e+31   2.207300e+37 
  2.694588e+13  5.761100e+31   1.599900e+37 
  1.884314e+13  3.584100e+31   1.119700e+37 
  1.260532e+13  2.089400e+31   7.496300e+36 
  7.913284e+12  1.114700e+31   4.709700e+36 
  6.056748e+12  7.797600e+30   3.606200e+36 
  4.486892e+12  5.267900e+30   2.672600e+36 
  3.179546e+12  3.427200e+30   1.894700e+36 
  2.116120e+12  2.154700e+30   1.261600e+36 
  5.720792e+11  1.083000e+30   3.417651e+35 
  5.117650e+11  9.831000e+29   3.058050e+35 
  4.984068e+11  9.491000e+29   2.978395e+35 
  4.828174e+11  9.098000e+29   2.885428e+35 
  4.527556e+11  8.352000e+29   2.706132e+35 
  4.338050e+11  7.890000e+29   2.593090e+35 
  4.302889e+11  7.805000e+29   2.572114e+35 
  4.191814e+11  7.538000e+29   2.505849e+35 
  3.328059e+11  5.816000e+29   1.990404e+35 
  2.732324e+11  4.473000e+29   1.634720e+35 
  2.098073e+11  3.290000e+29   1.255844e+35 
  1.845935e+11  2.892000e+29   1.105168e+35 
  1.702642e+11  2.597000e+29   1.019519e+35 
  1.416676e+11  2.033000e+29   8.485434e+34 
  1.092338e+11  1.495000e+29   6.545403e+34 
  1.026445e+11  1.450000e+29   6.151156e+34 
  8.341843e+10  1.100000e+29   5.000572e+34 
  6.622995e+10  8.089000e+28   3.971490e+34 
  5.041715e+10  5.949000e+28   3.024373e+34 
  4.175887e+10  4.628000e+28   2.505589e+34 
  3.316385e+10  3.404000e+28   1.990419e+34 
  2.534213e+10  2.503000e+28   1.521435e+34 
  2.091808e+10  1.938000e+28   1.256090e+34 
  1.661129e+10  1.425000e+28   9.977036e+33 
  1.319404e+10  1.048000e+28   7.926255e+33 
  1.011405e+10  7.702000e+27   6.077363e+33 
  8.032126e+09  5.662000e+27   4.827274e+33 
  6.607076e+09  4.362000e+27   3.971414e+33 
  4.167201e+09  2.356000e+27   2.505627e+33 
  2.545637e+09  1.272000e+27   1.531070e+33 
  1.605694e+09  6.860000e+26   9.659711e+32 
  1.212836e+09  5.036000e+26   7.297275e+32 
  1.046116e+09  4.129000e+26   6.294586e+32 
  8.307743e+08  3.029000e+26   4.999341e+32 
  5.241967e+08  1.629000e+26   3.154997e+32 
  3.306412e+08  8.738000e+25   1.990332e+32 
  2.626264e+08  6.676000e+25   1.581014e+32 
  1.316080e+08  2.604000e+25   7.924186e+31 
  6.596130e+07  1.006000e+25   3.972096e+31 
  3.304923e+07  3.833000e+24   1.990382e+31 
  1.655945e+07  1.435000e+24   9.973660e+30 
  8.300087e+06  5.259000e+23   4.999380e+30 
  6.593421e+06  3.911000e+23   3.971469e+30 
  2.624725e+06  9.755000e+22   1.581048e+30 
  1.044863e+06  2.318000e+22   6.294102e+29 
  4.159737e+05  5.266000e+21   2.505808e+29 
  1.315409e+05  8.258708e+20   7.924060e+28 
  4.159664e+04  1.295219e+20   2.505808e+28 
  1.315398e+04  2.031303e+19   7.924060e+27 
  4.159646e+03  3.185707e+18   2.505808e+27 
  1.315395e+03  4.996169e+17   7.924060e+26 
  4.159642e+02  7.835530e+16   2.505808e+26 
  1.315394e+02  1.228852e+16   7.924060e+25 
  4.159641e+01  1.927218e+15   2.505808e+25 
  1.315394e+01  3.022471e+14   7.924060e+24 
 